S1 Center 	 Band Mean 	 Band Widths
1.0	3.525922312663179	[0.12109953 0.12109953]
2.0	3.507789517631961	[0.1166183 0.1166183]
3.0	3.5357052514569096	[0.12120281 0.12932165]
4.0	3.553788678833868	[0.12121603 0.12121603]
5.0	3.574444190478192	[0.12275553 0.12275553]
6.0	3.6026657312793904	[0.10568578 0.12693917]
7.0	3.617344881593305	[0.11482497 0.11482497]
8.0	3.6408110846200024	[0.11310521 0.12259487]
9.0	3.6611362067699376	[0.11196457 0.11196457]
10.0	3.6779525844749137	[0.11761289 0.11761289]
11.0	3.693558917333755	[0.1223366 0.1223366]
12.0	3.706652406114824	[0.1297216 0.1297216]
13.0	3.7239864249594654	[0.11881106 0.13931101]
14.0	3.73481103933947	[0.12439805 0.12439805]
15.0	3.7494947465776356	[0.12225918 0.12225918]
16.0	3.7642893799094486	[0.12890486 0.12890486]
17.0	3.782641594886375	[0.12883431 0.12883431]
18.0	3.7902197065887053	[0.12851039 0.12851039]
19.0	3.8007868614345313	[0.11711824 0.13272147]
20.0	3.8118808283636003	[0.13478267 0.13478267]
21.0	3.823232249509341	[0.12592962 0.12592962]
22.0	3.8312417939652974	[0.12565668 0.12565668]
23.0	3.843601348859748	[0.1253996 0.1253996]
24.0	3.852318379983021	[0.12859947 0.12859947]
25.0	3.868906007154492	[0.1334854 0.1334854]
26.0	3.8733350401232802	[0.12972258 0.12972258]
27.0	3.880890124065877	[0.12595489 0.12595489]
28.0	3.893414228212528	[0.12950482 0.13949342]
29.0	3.9019428331416446	[0.12125039 0.14825554]
30.0	3.911714640021567	[0.12415276 0.1390167 ]
31.0	3.917088273974962	[0.11667244 0.13874872]
32.0	3.9251648420836407	[0.11939949 0.15267264]
33.0	3.9329285844248414	[0.1256793  0.13890332]
34.0	3.941955249381283	[0.12921254 0.12921254]
35.0	3.9478611251131395	[0.13391407 0.13391407]
36.0	3.951717539113975	[0.12706916 0.12706916]
37.0	3.9637193045256085	[0.12356076 0.12356076]
38.0	3.9710319488458756	[0.12582795 0.12582795]
39.0	3.9749561407707454	[0.12513767 0.13747738]
40.0	3.9906224413215323	[0.12148926 0.13608843]
41.0	3.9872142099941374	[0.13254419 0.13254419]
42.0	4.001567447536533	[0.11616515 0.14536325]
43.0	4.000715199601488	[0.12982161 0.12982161]
44.0	4.007826627903355	[0.13209646 0.13209646]
45.0	4.015749607986967	[0.12400016 0.12400016]
46.0	4.022269144079954	[0.11740975 0.13188196]
47.0	4.022066884627662	[0.11991566 0.11991566]
48.0	4.039580185359123	[0.11895508 0.13507596]
49.0	4.04593837191972	[0.12997785 0.12997785]
50.0	4.04984467950621	[0.13172171 0.13172171]
51.0	4.053046711528123	[0.11436369 0.14180671]
52.0	4.057324903747283	[0.1303438 0.1303438]
53.0	4.064364789880955	[0.12259697 0.12259697]
54.0	4.065417588503198	[0.12633834 0.12633834]
55.0	4.072139895482171	[0.11964109 0.12206832]
56.0	4.0804338691493385	[0.12814747 0.12814747]
57.0	4.088558912237961	[0.11406341 0.130281  ]
58.0	4.08853733394862	[0.12200377 0.12200377]
59.0	4.0976114184435275	[0.12925059 0.12925059]
60.0	4.0979663478803445	[0.11447716 0.11447716]
61.0	4.108840414464267	[0.12389651 0.12389651]
62.0	4.12156195074568	[0.12263169 0.13691208]
63.0	4.111768424194543	[0.1156747 0.1156747]
64.0	4.12906038566104	[0.11906673 0.13144179]
65.0	4.1260819868507275	[0.11818944 0.11818944]
66.0	4.1267209254239905	[0.12129907 0.12129907]
67.0	4.133289655384464	[0.12611774 0.12611774]
68.0	4.144728237318869	[0.12054418 0.12054418]
69.0	4.149648092806328	[0.12511249 0.12511249]
70.0	4.1570723692057	[0.12334072 0.12334072]
71.0	4.156434666122027	[0.11525206 0.13403174]
72.0	4.1616807527237825	[0.11563191 0.11563191]
73.0	4.166595893416655	[0.12231245 0.12231245]
74.0	4.169268715527743	[0.12361969 0.12361969]
75.0	4.172673542291841	[0.12116779 0.12116779]
76.0	4.180379897802516	[0.12263945 0.12263945]
77.0	4.180823697871899	[0.12384413 0.12384413]
78.0	4.181955932478224	[0.11960582 0.11960582]
79.0	4.188837324392046	[0.12571765 0.12571765]
80.0	4.194950089392244	[0.11818785 0.11818785]
81.0	4.200203610946224	[0.11900031 0.11900031]
82.0	4.2082554634302705	[0.11259716 0.13092481]
83.0	4.198437987478855	[0.12004891 0.12004891]
84.0	4.209981957753239	[0.10851813 0.12531779]
85.0	4.219354515351192	[0.12160474 0.12160474]
86.0	4.221730031497732	[0.12384783 0.12384783]
87.0	4.225724041286366	[0.11745329 0.11745329]
88.0	4.227633318605214	[0.11676377 0.11676377]
89.0	4.232061219729421	[0.12147138 0.12147138]
90.0	4.238468504702868	[0.1163853 0.1163853]
91.0	4.23230482862238	[0.11721468 0.11721468]
92.0	4.243597827248064	[0.11665986 0.11665986]
93.0	4.24712621728003	[0.11997455 0.11997455]
94.0	4.253369466387138	[0.11005247 0.12966733]
95.0	4.248980051865274	[0.11428355 0.11428355]
96.0	4.258083761993543	[0.11105008 0.13237862]
97.0	4.265156925232053	[0.11390549 0.13025164]
98.0	4.264886681336332	[0.1137632  0.12975295]
99.0	4.264484372674551	[0.12387975 0.12387975]
100.0	4.272906581306023	[0.11480984 0.11480984]
101.0	4.273604026990846	[0.11777845 0.11777845]
102.0	4.274190569807252	[0.11566102 0.11566102]
103.0	4.284360128357802	[0.12810182 0.12810182]
104.0	4.292563131211707	[0.11218602 0.12851778]
105.0	4.293003041563245	[0.11372529 0.12597845]
106.0	4.287573295010976	[0.1193173 0.1193173]
107.0	4.295918746186174	[0.11618312 0.11618312]
108.0	4.297672474698503	[0.1184493 0.1184493]
109.0	4.302070393061445	[0.11726771 0.11726771]
110.0	4.302380690599202	[0.11946049 0.11946049]
111.0	4.3085367937848105	[0.12128517 0.12128517]
112.0	4.307630479869418	[0.11661761 0.11661761]
113.0	4.318447145589057	[0.11489835 0.11489835]
114.0	4.316928283458336	[0.11734261 0.11734261]
115.0	4.319362170672394	[0.10034587 0.12628061]
116.0	4.330686058970276	[0.10918356 0.12851697]
117.0	4.328801735143206	[0.10842836 0.13153537]
118.0	4.3309248938333065	[0.11939737 0.11939737]
119.0	4.335111315216308	[0.11484064 0.11484064]
120.0	4.336079459656561	[0.1163895 0.1163895]
121.0	4.340814744927185	[0.11024463 0.12792572]
122.0	4.337794871379214	[0.11209049 0.11209049]
123.0	4.339538852697339	[0.1172219 0.1172219]
124.0	4.345799395887618	[0.11238952 0.11238952]
125.0	4.347768595808404	[0.11833782 0.11833782]
126.0	4.355085183850579	[0.11053105 0.11053105]
127.0	4.357769751979109	[0.11632453 0.11632453]
128.0	4.3583563191715005	[0.11751175 0.11751175]
129.0	4.368597487867049	[0.12245151 0.12245151]
130.0	4.369380097997928	[0.11743098 0.12030597]
131.0	4.365011682035316	[0.11855733 0.11855733]
132.0	4.372838328040385	[0.12305921 0.12305921]
133.0	4.372779471304749	[0.11756366 0.11756366]
134.0	4.37730996890129	[0.11723794 0.11723794]
135.0	4.375933549703536	[0.1219566 0.1219566]
136.0	4.381848430269726	[0.10759978 0.12912615]
137.0	4.380754637810241	[0.11116068 0.11116068]
138.0	4.390638421075266	[0.1141798 0.1141798]
139.0	4.390010545321155	[0.12025619 0.12025619]
140.0	4.394742762587125	[0.10914064 0.1222738 ]
141.0	4.389711351642175	[0.1119372 0.1119372]
142.0	4.391621995932154	[0.11155749 0.11155749]
143.0	4.395939829456662	[0.11681346 0.11681346]
144.0	4.40269443449954	[0.11372574 0.11372574]
145.0	4.405867462423853	[0.11781782 0.11781782]
146.0	4.40854524607755	[0.1026881 0.1313572]
147.0	4.413695055329566	[0.10853983 0.10853983]
148.0	4.412198928926825	[0.10704142 0.10704142]
149.0	4.418110776415925	[0.09506201 0.13584344]
150.0	4.41518010907861	[0.11413441 0.11413441]
151.0	4.424280051119737	[0.11681268 0.11681268]
152.0	4.421909191175556	[0.10437575 0.13718904]
153.0	4.42760440101012	[0.11824879 0.11824879]
154.0	4.430589018939752	[0.10418272 0.12704524]
155.0	4.433674274934347	[0.10379361 0.13796438]
156.0	4.43374787387775	[0.10960923 0.10960923]
157.0	4.442480389773066	[0.10766588 0.13590288]
158.0	4.436342161441125	[0.12020023 0.12020023]
159.0	4.441353669574465	[0.11795051 0.11795051]
160.0	4.441519485551483	[0.11514978 0.11514978]
161.0	4.451864213406757	[0.11916965 0.11916965]
162.0	4.449826167491375	[0.11407068 0.11407068]
163.0	4.4511708340974785	[0.11474924 0.11474924]
164.0	4.45600345257992	[0.1060859  0.12613778]
165.0	4.456514896206223	[0.11708473 0.11708473]
166.0	4.461880130613328	[0.1045175  0.13178192]
167.0	4.461776567663514	[0.10698821 0.1231813 ]
168.0	4.464760239950498	[0.11700922 0.11700922]
169.0	4.459957564878801	[0.11347594 0.11347594]
170.0	4.467806932384497	[0.10466999 0.13311451]
171.0	4.4710443329744916	[0.12200864 0.12200864]
172.0	4.473543227090664	[0.11884263 0.11884263]
173.0	4.477377995234364	[0.1089623  0.12746693]
174.0	4.478684360688587	[0.11291953 0.11291953]
175.0	4.483520511229135	[0.1213991 0.1213991]
176.0	4.482481741329887	[0.10558794 0.1214464 ]
177.0	4.4851274621139625	[0.11373229 0.11373229]
178.0	4.48707476528867	[0.11904116 0.11904116]
179.0	4.481756230209927	[0.11511713 0.11511713]
180.0	4.4912046309916205	[0.11212335 0.11212335]
181.0	4.495543147508235	[0.1168428 0.1168428]
182.0	4.497277013552938	[0.11831837 0.11831837]
183.0	4.494324463387381	[0.11791538 0.11791538]
184.0	4.504906343772509	[0.12345378 0.12345378]
185.0	4.499741286819608	[0.11699421 0.11699421]
186.0	4.512546602297549	[0.11446918 0.13667574]
187.0	4.511457075521016	[0.10744861 0.12063155]
188.0	4.510706950878381	[0.1141234 0.1141234]
189.0	4.516673059560028	[0.11708135 0.11708135]
190.0	4.518443910024991	[0.11943955 0.11943955]
191.0	4.515819252840488	[0.11801091 0.11801091]
192.0	4.517993925002422	[0.11233238 0.11233238]
193.0	4.522596514895864	[0.11333711 0.11333711]
194.0	4.51916711576655	[0.1161719 0.1161719]
195.0	4.5214680771921785	[0.1170102 0.1170102]
196.0	4.524906851950184	[0.11528106 0.11528106]
197.0	4.531724764277465	[0.11981444 0.11981444]
198.0	4.5332468036737925	[0.11991969 0.11991969]
199.0	4.539255917075906	[0.10637225 0.13220199]
200.0	4.531911939461013	[0.11811263 0.11811263]
201.0	4.538211809929385	[0.1208113 0.1208113]
202.0	4.537827236848858	[0.11559822 0.11559822]
203.0	4.54676994494646	[0.11274429 0.12348554]
204.0	4.5432430635404994	[0.11421441 0.11421441]
205.0	4.545274775476835	[0.11346305 0.11346305]
206.0	4.55261967488179	[0.11204005 0.11204005]
207.0	4.549520596222391	[0.10918865 0.1317946 ]
208.0	4.551227270149991	[0.10464792 0.12682954]
209.0	4.552935470368588	[0.11775712 0.11775712]
210.0	4.554401297314133	[0.11638075 0.11638075]
211.0	4.558986397668616	[0.11809987 0.11809987]
212.0	4.56067885285825	[0.1195522 0.1195522]
213.0	4.56670663384941	[0.10986921 0.12925724]
214.0	4.5659181687632655	[0.11180913 0.11180913]
215.0	4.573904296789578	[0.10238965 0.1231172 ]
216.0	4.576659800844148	[0.11485739 0.11485739]
217.0	4.569188528910826	[0.12669975 0.12669975]
218.0	4.5797379853154245	[0.11501585 0.11350715]
219.0	4.570503338640052	[0.11618345 0.11618345]
220.0	4.585884589521731	[0.11408436 0.11408436]
221.0	4.581977397935944	[0.11921649 0.11921649]
222.0	4.58558653239319	[0.11806598 0.11806598]
223.0	4.591802229057394	[0.12186795 0.12186795]
224.0	4.590254854545201	[0.11500546 0.11500546]
225.0	4.583205795402268	[0.11660931 0.11660931]
226.0	4.592574458758804	[0.1109885  0.12893683]
227.0	4.592624815906599	[0.12192786 0.12192786]
228.0	4.592585477618858	[0.11616354 0.11616354]
229.0	4.599725088755117	[0.11960721 0.11960721]
230.0	4.602711241806656	[0.12051375 0.12051375]
231.0	4.599296223531173	[0.12148759 0.12148759]
232.0	4.6033522633523605	[0.12715646 0.12715646]
233.0	4.6130888001729735	[0.11771509 0.11771509]
234.0	4.609601383752893	[0.10974526 0.12064535]
235.0	4.611232718805883	[0.10887679 0.14282768]
236.0	4.611765413588584	[0.11775641 0.11775641]
237.0	4.6184776614545875	[0.11795569 0.12669269]
238.0	4.618045660062465	[0.11476292 0.12651283]
239.0	4.6193672016681955	[0.11881239 0.11881239]
240.0	4.620586930414867	[0.12599986 0.12599986]
241.0	4.624314974694978	[0.11475232 0.13176729]
242.0	4.6259268912841325	[0.12265901 0.12265901]
243.0	4.623103636816351	[0.12427763 0.12427763]
244.0	4.631376473462764	[0.10225064 0.12858631]
245.0	4.628121711908237	[0.11445231 0.11445231]
246.0	4.631991882532057	[0.11760372 0.13954259]
247.0	4.633656898978217	[0.12102497 0.12102497]
248.0	4.636305004708139	[0.12489424 0.12489424]
249.0	4.639655292571355	[0.1188489  0.13437108]
250.0	4.63899068817755	[0.11801659 0.11801659]
251.0	4.643000415556465	[0.12175439 0.12175439]
252.0	4.6464383437346495	[0.11110273 0.12566622]
253.0	4.652071203397303	[0.12142421 0.12877871]
254.0	4.643402915239849	[0.12066411 0.12066411]
255.0	4.650555103855249	[0.11486701 0.12865877]
256.0	4.653584179190755	[0.11310398 0.13352913]
257.0	4.651372983798024	[0.12126729 0.12126729]
258.0	4.659845870140369	[0.11814749 0.12289726]
259.0	4.6542042853586265	[0.11714741 0.13163574]
260.0	4.664783298061891	[0.1227468  0.12278655]
261.0	4.664198771254038	[0.11576423 0.1260038 ]
262.0	4.66123129944083	[0.12209402 0.12447544]
263.0	4.67141751259777	[0.1187056  0.12069473]
264.0	4.6679807298937686	[0.11841886 0.12547274]
265.0	4.668106221895086	[0.12422369 0.12422369]
266.0	4.674021483490254	[0.11950319 0.11950319]
267.0	4.6731581865226826	[0.11318785 0.11779505]
268.0	4.673173126990207	[0.12063369 0.12063369]
269.0	4.6749403926595186	[0.11417471 0.11417471]
270.0	4.678058709281569	[0.11012055 0.11525374]
271.0	4.6787625681940614	[0.11568301 0.11568301]
272.0	4.678465401225246	[0.11254505 0.11254505]
273.0	4.684030266624881	[0.1172632 0.1172632]
274.0	4.682412476838796	[0.11363948 0.11363948]
275.0	4.68393329528632	[0.12022081 0.1143547 ]
276.0	4.689813032931191	[0.11573177 0.11573177]
277.0	4.685787175939706	[0.10723939 0.10769076]
278.0	4.689133604407847	[0.11082944 0.11082944]
279.0	4.687587543300017	[0.1129493 0.1129493]
280.0	4.691025097530889	[0.11125641 0.11125641]
281.0	4.70024261522826	[0.11128436 0.11128436]
282.0	4.694906516276219	[0.10981097 0.10981097]
283.0	4.690966609958912	[0.11586366 0.11586366]
284.0	4.70006737666628	[0.10820584 0.10820584]
285.0	4.700908738644117	[0.10530128 0.10530128]
286.0	4.698987495293498	[0.11090037 0.11090037]
287.0	4.701476630914352	[0.12039522 0.09657519]
288.0	4.704687527701307	[0.10438854 0.10438854]
289.0	4.707283820207872	[0.10651573 0.10651573]
290.0	4.698752066106619	[0.10830188 0.10830188]
291.0	4.70271570658735	[0.10568411 0.10568411]
292.0	4.700992905742809	[0.10347984 0.10347984]
293.0	4.704915327632108	[0.10183186 0.10183186]
294.0	4.701403562957055	[0.10473843 0.09271193]
295.0	4.704873723169931	[0.10107405 0.10107405]
296.0	4.70828213333326	[0.09808652 0.09808652]
297.0	4.7071891932666725	[0.0998521 0.0998521]
298.0	4.712091085586629	[0.09539263 0.09539263]
299.0	4.71304349223239	[0.09814931 0.09814931]
